Здесь будет опиисан алгоритм и кто за какую его часть отвечает.
1) Загрузка файла - Марина
2) Перевод из RGB палитры в YCbCr(YUV) - Вася
3) Разбите на блоки 8х8 матриц Cb и Cr - Даня
4) Применение DCT к блокам - Саша
5) Квантирование по заданым матрицам - Богдан
6) Алгоритм сжатия Хаффмана - по желанию^^

Матрицы квантирования я уже сделал.

static int Quality90[64]=
{
    3,  2,  2,  3,  5,  8,  10, 12,
    2,  2,  3,  4,  5,  12, 12, 11,
    3,  3,  3,  4,  8,  11, 14, 11,
    3,  3,  4,  6,  10, 17, 16, 12,
    4,  4,  7,  11, 14, 22, 21, 15,
    5,  7,  11, 13, 16, 21, 23, 18,
    10, 13, 16, 17, 21, 24, 24, 20,
    14, 18, 19, 20, 22, 20, 21, 20,
};

static int Quality50[64]=
{
    16, 11, 10, 16, 24,  40,  51,  61,
    12, 12, 14, 19, 26,  58,  60,  55,
    14, 13, 16, 24, 40,  57,  69,  56,
    14, 17, 22, 29, 51,  87,  80,  62,
    18, 22, 37, 56, 68,  109, 103, 77,
    24, 35, 55, 64, 81,  104, 113, 92,
    49, 64, 78, 87, 103, 121, 120, 101,
    72, 92, 95, 98, 112, 100, 103, 99
};

static int Quality5[64]=
{
   160, 110, 100, 160, 240, 255, 255, 255,
   120, 120, 140, 190, 255, 255, 255, 255,
   140, 130, 160, 240, 255, 255, 255, 255,
   140, 170, 220, 255, 255, 255, 255, 255,
   180, 220, 255, 255, 255, 255, 255, 255,
   240, 255, 255, 255, 255, 255, 255, 255,
   255, 255, 255, 255, 255, 255, 255, 255,
   255, 255, 255, 255, 255, 255, 255, 255,
};
